00000000015010315   0000000020
00000000015020315   0800080000
00000000015030315   0800080000
00000000015040315   0800080000
00000000015050315   0800080000
00000000015060315   0800080000
00000000015070315   0000000010
00000000015080315   0000000020
00000000015090315   0800080000
00000000015100315   0800080000
00000000015110315   0800080000
00000000015120315   0800080000
00000000015130315   0800080000
00000000015140315   0000000010
00000000015150315   0000000020
00000000015160315   0800080000
00000000015170315   0800080000
00000000015180315   0800080000
00000000015190315   0800080000
00000000015200315   0800080000
00000000015210315   0000000010
00000000015220315   0000000020
00000000015230315   0800080000
00000000015240315   0800080000
00000000015250315   0800080000
00000000015260315   0800080000
00000000015270315FP 0800000000
00000000015280315   0000000010
00000000015290315   0000000020
00000000015300315FP 0800000000
00000000015310315   0800080000
00000000016010315   0000000020
00000000016020315   0800080000
00000000016030315   0800080000
00000000016040315   0800080000
00000000016050315   0800080000
00000000016060315   0800080000
00000000016070315   0000000010
00000000016080315   0000000020
00000000016090315   0800080000
00000000016100315   0800080000
00000000016110315   0800080000
00000000016120315   0800080000
00000000016130315   0800080000
00000000016140315   0000000010
00000000016150315   0000000020
00000000016160315   0800080000
00000000016170315   0800080000
00000000016180315   0800080000
00000000016190315   0800080000
00000000016200315   0800080000
00000000016210315   0000000010
00000000016220315   0000000020
00000000016230315   0800080000
00000000016240315   0800080000
00000000016250315   0800080000
00000000016260315   0800080000
00000000016270315   0400040000
00000000016280315   0000000010
00000000016290315   0000000020
00000000016300315   0800080000
00000000016310315   0800080000
00000000017010315   0000000020
00000000017020315S1 0200020000
00000000017020315   0800080000
00000000017030315   0800080000
00000000017040315   0800080000
00000000017050315   0800080000
00000000017060315   0800080000
00000000017070315   0000000010
00000000017080315   0000000020
00000000017090315   0800080000
00000000017100315   0800080000
00000000017110315   0800080000
00000000017120315   0800080000
00000000017130315   0800080000
00000000017140315   0000000010
00000000017150315   0000000020
00000000017160315   0800080000
00000000017170315   0800080000
00000000017180315   0800080000
00000000017190315   0800080000
00000000017200315   0800080000
00000000017210315   0000000010
00000000017220315   0000000020
00000000017230315   0800080000
00000000017240315   0800080000
00000000017250315   0800080000
00000000017260315   0800080000
00000000017270315   0800080000
00000000017280315   0000000010
00000000017290315   0000000020
00000000017300315   0800080000
00000000017310315   0800080000
00000000030010315   0000000020
00000000030020315   0800080000
00000000030030315   0800080000
00000000030040315   0800080000
00000000030050315   0800080000
00000000030060315   0800080000
00000000030070315   0000000010
00000000030080315   0000000020
00000000030090315   0800080000
00000000030100315   0800080000
00000000030110315   0800080000
00000000030120315   0800080000
00000000030130315   0800080000
00000000030140315   0000000010
00000000030150315   0000000020
00000000030160315   0800080000
00000000030170315   0800080000
00000000030180315   0800080000
00000000030190315   0800080000
00000000030200315   0800080000
00000000030210315   0000000010
00000000030220315   0000000020
00000000030230315   0800080000
00000000030240315   0800080000
00000000030250315   0800080000
00000000030260315   0800080000
00000000030270315   0800080000
00000000030280315   0000000010
00000000030290315   0000000020
00000000030300315   0800080000
00000000030310315   0800080000
