00000000015011015   0000000000
00000000015021015   0000000000
00000000015031015   0000000010
00000000015041015   0000000020
00000000015051015   0000000000
00000000015061015   0000000000
00000000015071015   0000000000
00000000015081015   0000000000
00000000015091015   0000000000
00000000015101015   0000000010
00000000015111015   0000000020
00000000015121015   0000000000
00000000015131015   0000000000
00000000015141015   0000000000
00000000015151015   0000000000
00000000015161015   0000000000
00000000015171015   0000000010
00000000015181015   0000000020
00000000015191015   0000000000
00000000015201015   0000000000
00000000015211015   0000000000
00000000015221015   0000000000
00000000015231015   0000000000
00000000015241015   0000000010
00000000015251015   0000000020
00000000015261015   0000000000
00000000015271015   0000000000
00000000015281015   0000000000
00000000015291015   0000000000
00000000015301015   0000000000
00000000015311015   0000000010
00000000016011015   0000000000
00000000016021015   0000000000
00000000016031015   0000000010
00000000016041015   0000000020
00000000016051015   0000000000
00000000016061015   0000000000
00000000016071015   0000000000
00000000016081015   0000000000
00000000016091015   0000000000
00000000016101015   0000000010
00000000016111015   0000000020
00000000016121015   0000000000
00000000016131015   0000000000
00000000016141015   0000000000
00000000016151015   0000000000
00000000016161015   0000000000
00000000016171015   0000000010
00000000016181015   0000000020
00000000016191015   0000000000
00000000016201015   0000000000
00000000016211015   0000000000
00000000016221015   0000000000
00000000016231015   0000000000
00000000016241015   0000000010
00000000016251015   0000000020
00000000016261015   0000000000
00000000016271015   0000000000
00000000016281015   0000000000
00000000016291015   0000000000
00000000016301015   0000000000
00000000016311015   0000000010
00000000017011015   0000000000
00000000017021015   0000000000
00000000017031015   0000000010
00000000017041015   0000000020
00000000017051015   0000000000
00000000017061015   0000000000
00000000017071015   0000000000
00000000017081015   0000000000
00000000017091015   0000000000
00000000017101015   0000000010
00000000017111015   0000000020
00000000017121015   0000000000
00000000017131015   0000000000
00000000017141015   0000000000
00000000017151015   0000000000
00000000017161015   0000000000
00000000017171015   0000000010
00000000017181015   0000000020
00000000017191015   0000000000
00000000017201015   0000000000
00000000017211015   0000000000
00000000017221015   0000000000
00000000017231015   0000000000
00000000017241015   0000000010
00000000017251015   0000000020
00000000017261015   0000000000
00000000017271015   0000000000
00000000017281015   0000000000
00000000017291015   72572500
00000000017301015   75075000
00000000017311015   0000000010
00000000030011015   0000000000
00000000030021015   0000000000
00000000030031015   0000000010
00000000030041015   0000000020
00000000030051015   0000000000
00000000030061015   0000000000
00000000030071015   0000000000
00000000030081015   0000000000
00000000030091015   0000000000
00000000030101015   0000000010
00000000030111015   0000000020
00000000030121015   0000000000
00000000030131015   0000000000
00000000030141015   0000000000
00000000030151015   0000000000
00000000030161015   0000000000
00000000030171015   0000000010
00000000030181015   0000000020
00000000030191015   0000000000
00000000030201015   0000000000
00000000030211015   0000000000
00000000030221015   0000000000
00000000030231015   0000000000
00000000030241015   0000000010
00000000030251015   0000000020
00000000030261015   0000000000
00000000030271015   0000000000
00000000030281015   0000000000
00000000030291015   0000000000
00000000030301015   0000000000
00000000030311015   0000000010
