00000000043    020                              0013000000005290000000068772016010
00000000043    805                              0001000000031500000000031502016010
00000000059    020                              0017000000005290000000089932016010
00000000062    020                              0016000000005290000000084642016010
00000000002    020                              0014000000005290000000074062016010
00000000002    805                              0001000000180000000000180002016010
00000000007    805                              0001000000115000000000115002016010
00000000007    020                              0017000000005290000000089932016010
00000000064    020                              0005000000005290000000026452016010
00000000008    805                              0001000000055000000000055002016010
00000000009    020                              0019000000005290000000100512016010
00000000009    805                              0001000000095000000000095002016010
00000000033    020                              0016000000005290000000084642016010
00000000055    020                              0017000000005290000000089932016010
00000000055    004                              0001000000500000000000500002016010
00000000054    020                              0014000000005290000000074062016010
00000000044    020                              0015000000005290000000079342016010
00000000011    020                              0002000000005290000000010582016010
00000000011    805                              0001000000494100000000494102016010
00000000012    100                              0012000000046480000000557762016010
00000000012    001                              0001000005000000000005000002016010
00000000013    020                              0014000000005290000000074062016010
00000000013    102                              0009000000030000000000270002016010
00000000013    805                              0001000000330000000000330002016010
00000000061    020                              0017000000005290000000089932016010
00000000015    805                              0001000000026000000000026002016010
00000000015    100                              0004000000031000000000124002016010
00000000053    020                              0019000000005290000000100512016010
00000000017    020                              0017000000005290000000089932016010
00000000017    805                              0001000000180000000000180002016010
00000000018    020                              0017000000005290000000089932016010
00000000051    020                              0020000000005290000000105802016010
00000000048    020                              0017000000005290000000089932016010
00000000021    805                              0001000000065000000000065002016010
00000000023    020                              0017000000005290000000089932016010
00000000023    805                              0001000000025000000000025002016010
00000000023    102                              0011000000025000000000275002016010
00000000024    020                              0015000000005290000000079342016010
00000000025    020                              0016000000005290000000084642016010
00000000037    020                              0019000000005290000000100512016010
00000000037    805                              0001000000010199990000010192016010
00000000050    020                              0019000000005290000000100512016010
00000000058    020                              0017000000005290000000089932016010
00000000058    805                              0001000000350000000000350002016010
00000000056    020                              0019000000005290000000100512016010
00000000049    020                              0017000000005290000000089932016010
00000000030    020                              0017000000005290000000089932016010
00000000030    805                              0001000000167900000000167902016010
00000000063    020                              0012000000005290000000063482016010
00000000038    805                              0001000000030000000000030002016010
00000000042    020                              0014000000005290000000074062016010
00000000031    020                              0017000000005290000000089932016010
00000000039    101                              0009000000050000000000450002016010
00000000032    805                              0001000000170000000000170002016010
