00000000052010116F1 0800000010
00000000052020116   0000000010
00000000052030116   0000000020
00000000052040116FP 0800000000
00000000052050116   0800080000
00000000052060116F1 0800000010
00000000052070116   0800080000
00000000052080116   0800080000
00000000052090116   0000000010
00000000052100116   0000000020
00000000052110116M8 0800000000
00000000052120116M8 0800000000
00000000052130116FP 0800000000
00000000052140116   0800080000
00000000052150116   0800080000
00000000052160116   0000000010
00000000052170116   0000000020
00000000052180116   0800080000
00000000052190116   0800080000
00000000052200116   0800080000
00000000052210116   0800080000
00000000052220116   0800080000
00000000052230116   0000000010
00000000052240116   0000000020
00000000052250116   0800080000
00000000052260116   0800080000
00000000052270116   0800080000
00000000052280116   0800080000
00000000052290116   0800080000
00000000052300116   0000000010
00000000052310116   0000000020
00000000057010116F1 0800000010
00000000057020116   0000000010
00000000057030116   0000000020
00000000057040116FP 0800000000
00000000057050116FP 0800000000
00000000057060116F1 0800000010
00000000057070116FP 0800000000
00000000057080116FP 0800000000
00000000057090116   0000000010
00000000057100116   0000000020
00000000057110116   0800080000
00000000057120116   0800080000
00000000057130116   0800080000
00000000057140116   0800080000
00000000057150116   0800080000
00000000057160116   0000000010
00000000057170116   0000000020
00000000057180116   0800080000
00000000057190116   0800080000
00000000057200116   0800080000
00000000057210116   0800080000
00000000057220116   0800080000
00000000057230116   0000000010
00000000057240116   0000000020
00000000057250116   0800080000
00000000057260116   0800080000
00000000057270116   0800080000
00000000057280116   0800080000
00000000057290116   0800080000
00000000057300116   0000000010
00000000057310116   0000000020
00000000043010116F1 0800000010
00000000043020116   0000000010
00000000043030116   0000000020
00000000043040116FP 0800000000
00000000043050116FP 0800000000
00000000043060116F1 0800000010
00000000043070116FP 0800000000
00000000043080116FP 0800000000
00000000043090116   0000000010
00000000043100116   0000000020
00000000043110116   0800080000
00000000043120116   0800080000
00000000043130116   0800080000
00000000043140116   0800080000
00000000043150116   0800080000
00000000043160116   0000000010
00000000043170116   0000000020
00000000043180116   0800080000
00000000043190116   0800080000
00000000043200116   0800080000
00000000043210116   0800080000
00000000043220116   0800080000
00000000043230116   0000000010
00000000043240116   0000000020
00000000043250116   0800080000
00000000043260116   0800080000
00000000043270116FP 0800000000
00000000043280116FP 0800000000
00000000043290116   0800080000
00000000043300116   0000000010
00000000043310116   0000000020
00000000059010116F1 0800000010
00000000059020116   0000000010
00000000059030116   0000000020
00000000059040116FP 0800000000
00000000059050116FP 0800000000
00000000059060116F1 0800000010
00000000059070116   0800080000
00000000059080116   0800080000
00000000059090116   0000000010
00000000059100116   0000000020
00000000059110116   0800080000
00000000059120116   0800080000
00000000059130116   0800080000
00000000059140116   0800080000
00000000059150116   0800080000
00000000059160116   0000000010
00000000059170116   0000000020
00000000059180116   0800080000
00000000059190116   0800080000
00000000059200116   0800080000
00000000059210116   0700070000
00000000059210116P1 0100000000
00000000059220116   0800080000
00000000059230116   0000000010
00000000059240116   0000000020
00000000059250116   0800080000
00000000059260116   0800080000
00000000059270116   0800080000
00000000059280116   0800080000
00000000059290116   0800080000
00000000059300116   0000000010
00000000059310116   0000000020
00000000062010116F1 0800000010
00000000062020116   0000000010
00000000062030116   0000000020
00000000062040116   0000000000
00000000062050116   0000000000
00000000062060116F1 0800000010
00000000062070116   0800080000
00000000062080116   0800080000
00000000062090116   0000000010
00000000062100116   0000000020
00000000062110116   0800080000
00000000062120116   0400040000
00000000062120116P1 0400000000
00000000062130116   0800080000
00000000062140116   0800080000
00000000062150116   0800080000
00000000062160116   0000000010
00000000062170116   0000000020
00000000062180116   0800080000
00000000062190116   0800080000
00000000062200116   0800080000
00000000062210116   0800080000
00000000062220116   0800080000
00000000062230116   0000000010
00000000062240116   0000000020
00000000062250116   0800080000
00000000062260116   0830083000
00000000062270116   0800080000
00000000062280116   0800080000
00000000062290116   0800080000
00000000062300116   0000000010
00000000062310116   0000000020
00000000002010116F1 0800000010
00000000002020116   0000000010
00000000002030116   0000000020
00000000002040116FP 0800000000
00000000002050116FP 0800000000
00000000002060116F1 0800000010
00000000002070116FP 0800000000
00000000002080116P1 0800000000
00000000002090116   0000000010
00000000002100116   0000000020
00000000002110116   0800080000
00000000002120116   0800080000
00000000002130116   0800080000
00000000002140116   0800080000
00000000002150116   0800080000
00000000002160116   0000000010
00000000002170116   0000000020
00000000002180116   0800080000
00000000002190116   0800080000
00000000002200116   0800080000
00000000002210116   0800080000
00000000002220116   0400040000
00000000002220116P1 0400000000
00000000002230116   0000000010
00000000002240116   0000000020
00000000002250116   0800080000
00000000002260116   0800080000
00000000002270116   0800080000
00000000002280116   0800080000
00000000002290116   0800080000
00000000002300116   0000000010
00000000002310116   0000000020
00000000003010116F1 0800000010
00000000003020116   0000000010
00000000003030116   0000000020
00000000003040116   0800080000
00000000003050116   0800080000
00000000003060116F1 0800000010
00000000003070116   0800080000
00000000003080116   0800080000
00000000003090116   0000000010
00000000003100116   0000000020
00000000003110116   0800080000
00000000003120116   0800080000
00000000003130116   0800080000
00000000003140116   0700070000
00000000003140116P1 0100000000
00000000003150116   0800080000
00000000003160116   0000000010
00000000003170116   0000000020
00000000003180116   0800080000
00000000003190116   0800080000
00000000003200116   0800080000
00000000003210116   0800080000
00000000003220116   0800080000
00000000003230116   0000000010
00000000003240116   0000000020
00000000003250116   0800080000
00000000003260116   0800080000
00000000003270116   0800080000
00000000003280116   0800080000
00000000003290116   0800080000
00000000003300116   0000000010
00000000003310116   0000000020
00000000007010116CM 0800000000
00000000007020116CM 0800000000
00000000007030116CM 0800000000
00000000007040116CM 0800000000
00000000007050116FP 0800000000
00000000007060116F1 0800000010
00000000007070116   0800080000
00000000007080116   0800080000
00000000007090116   0000000010
00000000007100116   0000000020
00000000007110116   0800080000
00000000007120116   0800080000
00000000007130116   0800080000
00000000007140116   0800080000
00000000007150116   0800080000
00000000007160116   0000000010
00000000007170116   0000000020
00000000007180116   0800080000
00000000007190116   0800080000
00000000007200116   0800080000
00000000007210116   0800080000
00000000007220116   0800080000
00000000007230116   0000000010
00000000007240116   0000000020
00000000007250116   0800080000
00000000007260116   0800080000
00000000007270116   0800080000
00000000007280116   0800080000
00000000007290116   0800080000
00000000007300116   0000000010
00000000007310116   0000000020
00000000064010116F1 0800000010
00000000064020116   0000000010
00000000064030116   0000000020
00000000064040116   0000000000
00000000064050116   0000000000
00000000064060116F1 0800000010
00000000064070116   0000000000
00000000064080116   0000000000
00000000064090116   0000000010
00000000064100116   0000000020
00000000064110116   0000000000
00000000064120116   0000000000
00000000064130116   0000000000
00000000064140116   0000000000
00000000064150116   0000000000
00000000064160116   0000000010
00000000064170116   0000000020
00000000064180116   0000000000
00000000064190116   0000000000
00000000064200116   0000000000
00000000064210116   0000000000
00000000064220116   0000000000
00000000064230116   0000000010
00000000064240116   0000000020
00000000064250116   0800080000
00000000064260116   0800080000
00000000064270116   0800080000
00000000064280116   0800080000
00000000064290116   0800080000
00000000064300116   0000000010
00000000064310116   0000000020
00000000008010116F1 0800000010
00000000008020116   0000000010
00000000008030116   0000000020
00000000008040116   0800080000
00000000008050116   0800080000
00000000008060116F1 0800000010
00000000008070116   0800080000
00000000008080116   0800080000
00000000008090116   0000000010
00000000008100116   0000000020
00000000008110116   0800080000
00000000008120116   0800080000
00000000008130116   0800080000
00000000008140116   0800080000
00000000008150116   0800080000
00000000008160116   0000000010
00000000008170116   0000000020
00000000008180116   0800080000
00000000008190116   0800080000
00000000008200116   0800080000
00000000008210116   0800080000
00000000008220116   0800080000
00000000008230116   0000000010
00000000008240116   0000000020
00000000008250116   0800080000
00000000008260116   0800080000
00000000008270116   0800080000
00000000008280116   0800080000
00000000008290116   0800080000
00000000008300116   0000000010
00000000008310116   0000000020
00000000009010116F1 0800000010
00000000009020116   0000000010
00000000009030116   0000000020
00000000009040116   0800080000
00000000009050116   0800080000
00000000009060116F1 0800000010
00000000009070116   0800080000
00000000009080116   0800080000
00000000009090116   0000000010
00000000009100116   0000000020
00000000009110116   0800080000
00000000009120116   0800080000
00000000009130116   0800080000
00000000009140116   0800080000
00000000009150116   0800080000
00000000009160116   0000000010
00000000009170116   0000000020
00000000009180116   0800080000
00000000009190116   0800080000
00000000009200116   0800080000
00000000009210116   0800080000
00000000009220116   0800080000
00000000009230116   0000000010
00000000009240116   0000000020
00000000009250116   0800080000
00000000009260116   0800080000
00000000009270116   0800080000
00000000009280116   0800080000
00000000009290116   0800080000
00000000009300116   0000000010
00000000009310116   0000000020
00000000033010116F1 0800000010
00000000033020116   0000000010
00000000033030116   0000000020
00000000033040116FP 0800000000
00000000033050116FP 0800000000
00000000033060116F1 0800000010
00000000033070116   0800080000
00000000033080116   0800080000
00000000033090116   0000000010
00000000033100116   0000000020
00000000033110116   0800080000
00000000033120116   0800080000
00000000033130116   0800080000
00000000033140116   0800080000
00000000033150116   0800080000
00000000033160116   0000000010
00000000033170116   0000000020
00000000033180116   0800080000
00000000033190116   0800080000
00000000033200116   0800080000
00000000033210116   0800080000
00000000033220116   0800080000
00000000033230116   0000000010
00000000033240116   0000000020
00000000033250116M1 0800000000
00000000033260116M1 0800000000
00000000033270116   0800080000
00000000033280116   0800080000
00000000033290116   0800080000
00000000033300116   0000000010
00000000033310116   0000000020
00000000055010116F1 0800000010
00000000055020116   0000000010
00000000055030116   0000000020
00000000055040116   0000000000
00000000055050116   0000000000
00000000055060116F1 0800000010
00000000055070116   0800080000
00000000055080116   0800080000
00000000055090116   0000000010
00000000055100116   0000000020
00000000055110116   0800080000
00000000055120116   0800080000
00000000055130116   0800080000
00000000055140116   0800080000
00000000055150116   0800080000
00000000055160116   0000000010
00000000055170116   0000000020
00000000055180116   0800080000
00000000055190116   0800080000
00000000055200116   0800080000
00000000055210116   0800080000
00000000055220116   0800080000
00000000055230116   0000000010
00000000055240116   0000000020
00000000055250116   0800080000
00000000055260116   0800080000
00000000055270116   0800080000
00000000055280116   0800080000
00000000055290116   0800080000
00000000055300116   0000000010
00000000055310116   0000000020
00000000054010116F1 0800000010
00000000054020116   0000000010
00000000054030116   0000000020
00000000054040116   0800080000
00000000054050116   0800080000
00000000054060116F1 0800000010
00000000054070116   0800080000
00000000054080116   0800080000
00000000054090116   0000000010
00000000054100116   0000000020
00000000054110116FP 0800000000
00000000054120116M8 0800000000
00000000054130116M8 0800000000
00000000054140116FP 0800000000
00000000054150116FP 0800000000
00000000054160116   0000000010
00000000054170116   0000000020
00000000054180116   0800080000
00000000054190116   0800080000
00000000054200116   0800080000
00000000054210116   0800080000
00000000054220116   0800080000
00000000054230116   0000000010
00000000054240116   0000000020
00000000054250116   0800080000
00000000054260116   0800080000
00000000054270116   0800080000
00000000054280116   0800080000
00000000054290116   0800080000
00000000054300116   0000000010
00000000054310116   0000000020
00000000044010116F1 0800000010
00000000044020116   0000000010
00000000044030116   0000000020
00000000044040116FP 0800000000
00000000044050116FP 0800000000
00000000044060116F1 0800000010
00000000044070116FP 0800000000
00000000044080116FP 0800000000
00000000044090116   0000000010
00000000044100116   0000000020
00000000044110116   0800080000
00000000044120116   0800080000
00000000044130116   0800080000
00000000044140116   0800080000
00000000044150116   0800080000
00000000044160116   0000000010
00000000044170116   0000000020
00000000044180116   0800080000
00000000044190116   0800080000
00000000044200116   0800080000
00000000044210116   0800080000
00000000044220116   0800080000
00000000044230116   0000000010
00000000044240116   0000000020
00000000044250116   0800080000
00000000044260116   0800080000
00000000044270116   0800080000
00000000044280116   0800080000
00000000044290116   0800080000
00000000044300116   0000000010
00000000044310116   0000000020
00000000011010116F1 0800000010
00000000011020116   0000000010
00000000011030116   0000000020
00000000011040116FP 0800000000
00000000011050116FP 0800000000
00000000011060116F1 0800000010
00000000011070116   0800080000
00000000011080116   0800080000
00000000011090116   0000000010
00000000011100116   0000000020
00000000011110116   0800080000
00000000011120116   0800080000
00000000011130116   0800080000
00000000011140116   0800080000
00000000011150116   0000000000
00000000011160116   0000000010
00000000011170116   0000000020
00000000011180116   0000000000
00000000011190116   0000000000
00000000011200116   0000000000
00000000011210116   0000000000
00000000011220116   0000000000
00000000011230116   0000000010
00000000011240116   0000000020
00000000011250116   0000000000
00000000011260116   0000000000
00000000011270116   0000000000
00000000011280116   0000000000
00000000011290116   0000000000
00000000011300116   0000000010
00000000011310116   0000000020
00000000012010116F1 0800000010
00000000012020116   0000000010
00000000012030116   0000000020
00000000012040116   0800080000
00000000012050116   0800080000
00000000012060116F1 0800000010
00000000012070116   0800080000
00000000012080116   0800080000
00000000012090116   0000000010
00000000012100116   0000000020
00000000012110116   0800080000
00000000012120116   0800080000
00000000012130116   0800080000
00000000012140116   0800080000
00000000012150116   0800080000
00000000012160116   0000000010
00000000012170116   0000000020
00000000012180116   0800080000
00000000012190116   0800080000
00000000012200116   0800080000
00000000012210116   0800080000
00000000012220116   0800080000
00000000012230116   0000000010
00000000012240116   0000000020
00000000012250116   0800080000
00000000012260116   0800080000
00000000012270116   0800080000
00000000012280116   0800080000
00000000012290116   0800080000
00000000012300116   0000000010
00000000012310116   0000000020
00000000013010116F1 0800000010
00000000013020116   0000000010
00000000013030116   0000000020
00000000013040116FP 0800000000
00000000013050116FP 0800000000
00000000013060116F1 0800000010
00000000013070116FP 0800000000
00000000013080116FP 0800000000
00000000013090116   0000000010
00000000013100116   0000000020
00000000013110116   0800080000
00000000013120116   0800080000
00000000013130116   0800080000
00000000013140116   0800080000
00000000013150116   0800080000
00000000013160116   0000000010
00000000013170116   0000000020
00000000013180116   0800080000
00000000013190116   0800080000
00000000013200116   0800080000
00000000013210116   0800080000
00000000013220116   0800080000
00000000013230116   0000000010
00000000013240116   0000000020
00000000013250116P1 0400000000
00000000013250116   0400040000
00000000013260116   0700070000
00000000013260116P1 0100000000
00000000013270116   0800080000
00000000013280116   0800080000
00000000013290116   0800080000
00000000013300116   0000000010
00000000013310116   0000000020
00000000061010116F1 0800000010
00000000061020116   0000000010
00000000061030116   0000000020
00000000061040116FP 0800000000
00000000061050116FP 0800000000
00000000061060116F1 0800000010
00000000061070116   0800080000
00000000061080116   0800080000
00000000061090116   0000000010
00000000061100116   0000000020
00000000061110116   0800080000
00000000061120116   0800080000
00000000061130116   0800080000
00000000061140116   0800080000
00000000061150116   0800080000
00000000061160116   0000000010
00000000061170116   0000000020
00000000061180116   0800080000
00000000061190116   0800080000
00000000061200116   0800080000
00000000061210116   0800080000
00000000061220116   0800080000
00000000061230116   0000000010
00000000061240116   0000000020
00000000061250116   0800080000
00000000061260116   0800080000
00000000061270116   0800080000
00000000061280116   0800080000
00000000061290116   0800080000
00000000061300116   0000000010
00000000061310116   0000000020
00000000014010116F1 0800000010
00000000014020116   0000000010
00000000014030116   0000000020
00000000014040116FP 0800000000
00000000014050116FP 0800000000
00000000014060116F1 0800000010
00000000014070116   0800080000
00000000014080116   0800080000
00000000014090116   0000000010
00000000014100116   0000000020
00000000014110116   0800080000
00000000014120116   0800080000
00000000014130116   0800080000
00000000014140116   0800080000
00000000014150116   0800080000
00000000014160116   0000000010
00000000014170116   0000000020
00000000014180116   0800080000
00000000014190116   0800080000
00000000014200116   0800080000
00000000014210116   0800080000
00000000014220116   0800080000
00000000014230116   0000000010
00000000014240116   0000000020
00000000014250116   0800080000
00000000014260116   0800080000
00000000014270116   0800080000
00000000014280116   0800080000
00000000014290116   0800080000
00000000014300116   0000000010
00000000014310116   0000000020
00000000015010116F1 0800000010
00000000015020116   0000000010
00000000015030116   0000000020
00000000015040116FP 0800000000
00000000015050116FP 0800000000
00000000015060116F1 0800000010
00000000015070116   0800080000
00000000015080116   0800080000
00000000015090116   0000000010
00000000015100116   0000000020
00000000015110116   0800080000
00000000015120116   0800080000
00000000015130116   0800080000
00000000015140116   0800080000
00000000015150116   0800080000
00000000015160116   0000000010
00000000015170116   0000000020
00000000015180116   0800080000
00000000015190116   0800080000
00000000015200116   0800080000
00000000015210116   0800080000
00000000015220116   0800080000
00000000015230116   0000000010
00000000015240116   0000000020
00000000015250116   0800080000
00000000015260116   0800080000
00000000015270116   0800080000
00000000015280116FP 0800000000
00000000015290116FP 0800000000
00000000015300116   0000000010
00000000015310116   0000000020
00000000040010116F1 0800000010
00000000040020116   0000000010
00000000040030116   0000000020
00000000040040116FP 0800000000
00000000040050116P2 0800000000
00000000040060116F1 0800000010
00000000040070116   0800080000
00000000040080116   0800080000
00000000040090116   0000000010
00000000040100116   0000000020
00000000040110116   0800080000
00000000040120116   0800080000
00000000040130116   0800080000
00000000040140116   0800080000
00000000040150116   0800080000
00000000040160116   0000000010
00000000040170116   0000000020
00000000040180116   0800080000
00000000040190116   0800080000
00000000040200116   0800080000
00000000040210116   0800080000
00000000040220116   0800080000
00000000040230116   0000000010
00000000040240116   0000000020
00000000040250116   0800080000
00000000040260116   0800080000
00000000040270116   0800080000
00000000040280116   0800080000
00000000040290116   0800080000
00000000040300116   0000000010
00000000040310116   0000000020
00000000053010116F1 0800000010
00000000053020116   0000000010
00000000053030116   0000000020
00000000053040116   0800080000
00000000053050116   0800080000
00000000053060116F1 0800000010
00000000053070116   0800080000
00000000053080116   0800080000
00000000053090116   0000000010
00000000053100116   0000000020
00000000053110116   0800080000
00000000053120116   0800080000
00000000053130116   0800080000
00000000053140116   0800080000
00000000053150116   0800080000
00000000053160116   0000000010
00000000053170116   0000000020
00000000053180116   0800080000
00000000053190116   0800080000
00000000053200116   0800080000
00000000053210116   0800080000
00000000053220116   0800080000
00000000053230116   0000000010
00000000053240116   0000000020
00000000053250116   0800080000
00000000053260116   0800080000
00000000053270116   0800080000
00000000053280116   0800080000
00000000053290116   0800080000
00000000053300116   0000000010
00000000053310116   0000000020
00000000017010116F1 0800000010
00000000017020116   0000000010
00000000017030116   0000000020
00000000017040116FP 0800000000
00000000017050116FP 0800000000
00000000017060116F1 0800000010
00000000017070116   0800080000
00000000017080116   0800080000
00000000017090116   0000000010
00000000017100116   0000000020
00000000017110116   0800080000
00000000017120116   0800080000
00000000017130116   0700070000
00000000017130116P1 0100000000
00000000017140116   0800080000
00000000017150116   0700070000
00000000017150116P1 0100000000
00000000017160116   0000000010
00000000017170116   0000000020
00000000017180116   0800080000
00000000017190116   0800080000
00000000017200116   0800080000
00000000017210116   0800080000
00000000017220116   0650065000
00000000017220116P2 0150000000
00000000017230116   0000000010
00000000017240116   0000000020
00000000017250116   0800080000
00000000017260116   0800080000
00000000017270116   0800080000
00000000017280116   0800080000
00000000017290116   0800080000
00000000017300116   0000000010
00000000017310116   0000000020
00000000036010116F1 0800000010
00000000036020116   0000000010
00000000036030116   0000000020
00000000036040116   0800080000
00000000036050116   0800080000
00000000036060116F1 0800000010
00000000036070116P2 0800000000
00000000036080116FP 0800000000
00000000036090116   0000000010
00000000036100116   0000000020
00000000036110116FP 0800000000
00000000036120116   0800080000
00000000036130116P1 0800000000
00000000036140116FP 0800000000
00000000036150116FP 0800000000
00000000036160116   0000000010
00000000036170116   0000000020
00000000036180116   0800080000
00000000036190116   0800080000
00000000036200116   0800080000
00000000036210116   0800080000
00000000036220116   0800080000
00000000036230116   0000000010
00000000036240116   0000000020
00000000036250116   0800080000
00000000036260116   0800080000
00000000036270116   0800080000
00000000036280116   0800080000
00000000036290116FP 0800000000
00000000036300116   0000000010
00000000036310116   0000000020
00000000041010116F1 0800000010
00000000041020116   0000000010
00000000041030116   0000000020
00000000041040116   0800080000
00000000041050116   0800080000
00000000041060116F1 0800000010
00000000041070116FP 0800000000
00000000041080116FP 0800000000
00000000041090116   0000000010
00000000041100116   0000000020
00000000041110116   0800080000
00000000041120116FP 0800000000
00000000041130116   0800080000
00000000041140116   0800080000
00000000041150116M1 0800000000
00000000041160116M1 0800000000
00000000041170116M1 0800000000
00000000041180116M1 0800000000
00000000041190116M1 0800000000
00000000041200116   0800080000
00000000041210116   0800080000
00000000041220116   0800080000
00000000041230116   0000000010
00000000041240116   0000000020
00000000041250116   0800080000
00000000041260116   0800080000
00000000041270116   0800080000
00000000041280116   0800080000
00000000041290116   0800080000
00000000041300116   0000000010
00000000041310116   0000000020
00000000018010116F1 0800000010
00000000018020116   0000000010
00000000018030116   0000000020
00000000018040116P2 0800000000
00000000018050116P2 0800000000
00000000018060116F1 0800000010
00000000018070116   0800080000
00000000018080116   0800080000
00000000018090116   0000000010
00000000018100116   0000000020
00000000018110116   0800080000
00000000018120116   0800080000
00000000018130116   0800080000
00000000018140116   0800080000
00000000018150116   0800080000
00000000018160116   0000000010
00000000018170116   0000000020
00000000018180116   0800080000
00000000018190116   0800080000
00000000018200116   0800080000
00000000018210116   0800080000
00000000018220116   0800080000
00000000018230116   0000000010
00000000018240116   0000000020
00000000018250116   0800080000
00000000018260116   0800080000
00000000018270116   0800080000
00000000018280116   0800080000
00000000018290116   0800080000
00000000018300116   0000000010
00000000018310116   0000000020
00000000051010116F1 0800000010
00000000051020116   0000000010
00000000051030116   0000000020
00000000051040116   0800080000
00000000051050116   0800080000
00000000051060116F1 0800000010
00000000051070116   0800080000
00000000051080116   0800080000
00000000051090116   0000000010
00000000051100116   0000000020
00000000051110116   0800080000
00000000051120116   0800080000
00000000051130116   0800080000
00000000051140116   0800080000
00000000051150116   0800080000
00000000051160116   0000000010
00000000051170116   0000000020
00000000051180116   0800080000
00000000051190116   0800080000
00000000051200116   0800080000
00000000051210116   0800080000
00000000051220116   0800080000
00000000051230116   0000000010
00000000051240116   0000000020
00000000051250116   0800080000
00000000051260116   0800080000
00000000051270116   0800080000
00000000051280116   0800080000
00000000051290116   0800080000
00000000051300116   0000000010
00000000051310116   0000000020
00000000048010116F1 0800000010
00000000048020116   0000000010
00000000048030116   0000000020
00000000048040116FP 0800000000
00000000048050116FP 0800000000
00000000048060116F1 0800000010
00000000048070116   0800080000
00000000048080116   0800080000
00000000048090116   0000000010
00000000048100116   0000000020
00000000048110116   0800080000
00000000048120116   0800080000
00000000048130116   0800080000
00000000048140116   0800080000
00000000048150116   0800080000
00000000048160116   0000000010
00000000048170116   0000000020
00000000048180116   0800080000
00000000048190116   0800080000
00000000048200116   0800080000
00000000048210116   0500050000
00000000048210116P1 0300000000
00000000048220116P1 0150000000
00000000048220116   0650065000
00000000048230116   0000000010
00000000048240116   0000000020
00000000048250116   0800080000
00000000048260116   0800080000
00000000048270116   0800080000
00000000048280116   0800080000
00000000048290116   0800080000
00000000048300116   0000000010
00000000048310116   0000000020
00000000045010116F1 0800000010
00000000045020116   0000000010
00000000045030116   0000000020
00000000045040116FP 0800000000
00000000045050116FP 0800000000
00000000045060116F1 0800000010
00000000045070116FP 0800000000
00000000045080116FP 0800000000
00000000045090116   0000000010
00000000045100116   0000000020
00000000045110116   0800080000
00000000045120116   0800080000
00000000045130116   0800080000
00000000045140116   0800080000
00000000045150116   0800080000
00000000045160116   0000000010
00000000045170116   0000000020
00000000045180116   0800080000
00000000045190116   0800080000
00000000045200116   0800080000
00000000045210116   0800080000
00000000045220116   0800080000
00000000045230116   0000000010
00000000045240116   0000000020
00000000045250116   0800080000
00000000045260116   0800080000
00000000045270116   0800080000
00000000045280116   0800080000
00000000045290116   0800080000
00000000045300116   0000000010
00000000045310116   0000000020
00000000021010116F1 0800000010
00000000021020116   0000000010
00000000021030116   0000000020
00000000021040116FP 0800000000
00000000021050116M1 0800000000
00000000021060116F1 0800000010
00000000021070116   0800080000
00000000021070116S1 0100010000
00000000021080116   0800080000
00000000021080116S1 0100010000
00000000021090116   0000000010
00000000021100116   0000000020
00000000021110116   0800080000
00000000021120116   0800080000
00000000021130116   0800080000
00000000021140116   0800080000
00000000021150116   0800080000
00000000021160116   0000000010
00000000021170116   0000000020
00000000021180116   0800080000
00000000021190116   0800080000
00000000021200116   0800080000
00000000021210116   0800080000
00000000021220116   0800080000
00000000021230116   0000000010
00000000021240116   0000000020
00000000021250116   0800080000
00000000021260116   0800080000
00000000021270116   0800080000
00000000021280116   0800080000
00000000021290116   0800080000
00000000021300116   0000000010
00000000021310116   0000000020
00000000022010116F1 0800000010
00000000022020116   0000000010
00000000022030116   0000000020
00000000022040116FP 0800000000
00000000022050116FP 0800000000
00000000022060116F1 0800000010
00000000022070116FP 0800000000
00000000022080116FP 0800000000
00000000022090116   0000000010
00000000022100116   0000000020
00000000022110116FP 0800000000
00000000022120116FP 0800000000
00000000022130116P2 0800000000
00000000022140116P2 0800000000
00000000022150116P2 0800000000
00000000022160116   0000000010
00000000022170116   0000000020
00000000022180116M9 0800000000
00000000022190116M9 0800000000
00000000022200116M9 0800000000
00000000022210116M9 0800000000
00000000022220116M9 0800000000
00000000022230116   0000000010
00000000022240116   0000000020
00000000022250116M9 0800000000
00000000022260116M9 0800000000
00000000022270116M9 0800000000
00000000022280116M9 0800000000
00000000022290116M9 0800000000
00000000022300116   0000000010
00000000022310116   0000000020
00000000023010116F1 0800000010
00000000023020116   0000000010
00000000023030116   0000000020
00000000023040116   0800080000
00000000023050116   0800080000
00000000023060116F1 0800000010
00000000023070116   0800080000
00000000023080116   0800080000
00000000023090116   0000000010
00000000023100116   0000000020
00000000023110116   0800080000
00000000023120116   0800080000
00000000023130116   0800080000
00000000023140116   0800080000
00000000023150116   0800080000
00000000023160116   0000000010
00000000023170116   0000000020
00000000023180116   0800080000
00000000023190116   0800080000
00000000023200116   0800080000
00000000023210116   0800080000
00000000023220116   0800080000
00000000023230116   0000000010
00000000023240116   0000000020
00000000023250116FP 0800000000
00000000023260116FP 0800000000
00000000023270116   0800080000
00000000023280116   0800080000
00000000023290116   0800080000
00000000023300116   0000000010
00000000023310116   0000000020
00000000024010116F1 0800000010
00000000024020116   0000000010
00000000024030116   0000000020
00000000024040116FP 0800000000
00000000024050116FP 0800000000
00000000024060116F1 0800000010
00000000024070116FP 0800000000
00000000024080116FP 0800000000
00000000024090116   0000000010
00000000024100116   0000000020
00000000024110116   0800080000
00000000024120116   0800080000
00000000024130116   0800080000
00000000024140116   0800080000
00000000024150116   0800080000
00000000024160116   0000000010
00000000024170116   0000000020
00000000024180116   0800080000
00000000024190116   0800080000
00000000024200116   0800080000
00000000024210116   0800080000
00000000024220116   0800080000
00000000024230116   0000000010
00000000024240116   0000000020
00000000024250116   0800080000
00000000024260116   0800080000
00000000024270116   0800080000
00000000024280116   0800080000
00000000024290116   0800080000
00000000024300116   0000000010
00000000024310116   0000000020
00000000025010116F1 0800000010
00000000025020116   0000000010
00000000025030116   0000000020
00000000025040116FP 0800000000
00000000025050116FP 0800000000
00000000025060116F1 0800000010
00000000025070116FP 0800000000
00000000025080116   0800080000
00000000025090116   0000000010
00000000025100116   0000000020
00000000025110116   0800080000
00000000025120116   0800080000
00000000025130116   0800080000
00000000025140116   0800080000
00000000025150116   0800080000
00000000025160116   0000000010
00000000025170116   0000000020
00000000025180116   0800080000
00000000025190116   0800080000
00000000025200116   0800080000
00000000025210116   0800080000
00000000025220116   0800080000
00000000025230116   0000000010
00000000025240116   0000000020
00000000025250116   0800080000
00000000025260116   0800080000
00000000025270116   0800080000
00000000025280116   0800080000
00000000025290116   0800080000
00000000025300116   0000000010
00000000025310116   0000000020
00000000037010116F1 0800000010
00000000037020116   0000000010
00000000037030116   0000000020
00000000037040116   0800080000
00000000037050116   0800080000
00000000037060116F1 0800000010
00000000037070116   0800080000
00000000037080116   0800080000
00000000037090116   0000000010
00000000037100116   0000000020
00000000037110116   0800080000
00000000037120116   0800080000
00000000037130116   0800080000
00000000037140116   0800080000
00000000037150116   0800080000
00000000037160116   0000000010
00000000037170116   0000000020
00000000037180116   0800080000
00000000037190116   0800080000
00000000037200116   0800080000
00000000037210116   0800080000
00000000037220116   0800080000
00000000037230116   0000000010
00000000037240116   0000000020
00000000037250116   0800080000
00000000037260116   0800080000
00000000037270116   0800080000
00000000037280116   0800080000
00000000037290116   0800080000
00000000037300116   0000000010
00000000037310116   0000000020
00000000050010116F1 0800000010
00000000050020116   0000000010
00000000050030116   0000000020
00000000050040116   0800080000
00000000050050116   0800080000
00000000050060116F1 0800000010
00000000050070116   0800080000
00000000050080116   0800080000
00000000050090116   0000000010
00000000050100116   0000000020
00000000050110116   0800080000
00000000050120116   0800080000
00000000050130116   0800080000
00000000050140116   0800080000
00000000050150116   0800080000
00000000050160116   0000000010
00000000050170116   0000000020
00000000050180116   0800080000
00000000050190116   0800080000
00000000050200116   0800080000
00000000050210116   0800080000
00000000050220116   0800080000
00000000050230116   0000000010
00000000050240116   0000000020
00000000050250116   0800080000
00000000050260116   0800080000
00000000050270116   0800080000
00000000050280116   0800080000
00000000050290116   0800080000
00000000050300116   0000000010
00000000050310116   0000000020
00000000058010116F1 0800000010
00000000058020116   0000000010
00000000058030116   0000000020
00000000058040116FP 0800000000
00000000058050116FP 0800000000
00000000058060116F1 0800000010
00000000058070116   0800080000
00000000058080116   0800080000
00000000058090116   0000000010
00000000058100116   0000000020
00000000058110116   0800080000
00000000058120116   0800080000
00000000058130116   0800080000
00000000058140116   0800080000
00000000058150116   0800080000
00000000058160116   0000000010
00000000058170116   0000000020
00000000058180116   0800080000
00000000058190116   0800080000
00000000058200116   0800080000
00000000058210116   0800080000
00000000058220116   0800080000
00000000058230116   0000000010
00000000058240116   0000000020
00000000058250116   0800080000
00000000058260116   0800080000
00000000058270116   0800080000
00000000058280116   0800080000
00000000058290116   0800080000
00000000058300116   0000000010
00000000058310116   0000000020
00000000056010116F1 0800000010
00000000056020116   0000000010
00000000056030116   0800080000
00000000056040116   0800080000
00000000056050116   0800080000
00000000056060116F1 0800000010
00000000056070116   0800080000
00000000056080116   0800080000
00000000056090116   0000000010
00000000056100116   0000000020
00000000056110116   0800080000
00000000056120116   0800080000
00000000056130116   0800080000
00000000056140116   0800080000
00000000056150116   0000000000
00000000056160116   0000000010
00000000056170116   0000000020
00000000056180116   0800080000
00000000056190116   0000000000
00000000056200116   0000000000
00000000056210116   0800080000
00000000056220116   0800080000
00000000056230116   0800080000
00000000056240116   0800080000
00000000056250116   0000000000
00000000056260116   0800080000
00000000056270116   0800080000
00000000056280116   0800080000
00000000056290116   0000000000
00000000056300116   0800080000
00000000056310116   0800080000
00000000029010116F1 0800000010
00000000029020116   0000000010
00000000029030116   0000000020
00000000029040116FP 0800000000
00000000029050116FP 0800000000
00000000029060116F1 0800000010
00000000029070116   0800080000
00000000029080116   0800080000
00000000029090116   0000000010
00000000029100116   0000000020
00000000029110116   0800080000
00000000029120116   0800080000
00000000029130116   0800080000
00000000029140116   0800080000
00000000029150116   0500050000
00000000029150116P1 0300000000
00000000029160116   0000000010
00000000029170116   0000000020
00000000029180116   0800080000
00000000029190116   0800080000
00000000029200116   0800080000
00000000029210116   0800080000
00000000029220116   0800080000
00000000029230116   0000000010
00000000029240116   0000000020
00000000029250116   0800080000
00000000029260116   0800080000
00000000029270116   0800080000
00000000029280116   0800080000
00000000029290116   0800080000
00000000029300116   0000000010
00000000029310116   0000000020
00000000049010116F1 0800000010
00000000049020116   0000000010
00000000049030116   0000000020
00000000049040116   0400040000
00000000049040116S1 0400040000
00000000049050116   0400040000
00000000049050116   0400040000
00000000049060116F1 0800000010
00000000049070116P1 0800000000
00000000049080116P1 0800000000
00000000049090116   0000000010
00000000049100116   0000000020
00000000049110116   0400040000
00000000049110116S1 0400040000
00000000049120116   0400040000
00000000049120116S1 0400040000
00000000049130116   0400040000
00000000049130116S1 0400040000
00000000049140116   0400040000
00000000049140116S1 0400040000
00000000049150116   0400040000
00000000049150116S1 0400040000
00000000049160116   0000000010
00000000049170116   0000000020
00000000049180116   0400040000
00000000049180116S1 0400040000
00000000049190116   0400040000
00000000049190116S1 0400040000
00000000049200116   0400040000
00000000049200116S1 0400040000
00000000049210116   0400040000
00000000049210116S1 0400040000
00000000049220116   0400040000
00000000049220116S1 0400040000
00000000049230116   0000000010
00000000049240116   0000000020
00000000049250116   0400040000
00000000049250116S1 0400040000
00000000049260116   0400040000
00000000049260116S1 0400040000
00000000049270116   0400040000
00000000049270116S1 0400040000
00000000049280116   0400040000
00000000049280116S1 0400040000
00000000049290116   0400040000
00000000049290116S1 0400040000
00000000049300116   0000000010
00000000049310116   0000000020
00000000030010116F1 0800000010
00000000030020116   0000000010
00000000030030116   0000000020
00000000030040116   0800080000
00000000030050116   0800080000
00000000030060116F1 0800000010
00000000030070116MC 0800000000
00000000030080116MC 0800000000
00000000030090116   0000000010
00000000030100116   0000000020
00000000030110116   0800080000
00000000030120116   0800080000
00000000030130116   0800080000
00000000030140116   0800080000
00000000030150116   0800080000
00000000030160116   0000000010
00000000030170116   0000000020
00000000030180116   0800080000
00000000030190116   0800080000
00000000030200116   0800080000
00000000030210116   0800080000
00000000030220116   0800080000
00000000030230116   0000000010
00000000030240116   0000000020
00000000030250116   0800080000
00000000030260116   0800080000
00000000030270116   0800080000
00000000030280116   0800080000
00000000030290116   0500050000
00000000030290116P1 0300000000
00000000030300116   0000000010
00000000030310116   0000000020
00000000063010116F1 0800000010
00000000063020116   0000000010
00000000063030116   0000000020
00000000063040116   0000000000
00000000063050116   0000000000
00000000063060116F1 0800000010
00000000063070116   0000000000
00000000063080116   0000000000
00000000063090116   0000000010
00000000063100116   0000000020
00000000063110116   0800080000
00000000063120116   0800080000
00000000063130116   0800080000
00000000063140116   0800080000
00000000063150116M1 0800000000
00000000063160116   0000000010
00000000063170116   0000000020
00000000063180116   0800080000
00000000063190116M1 0800000000
00000000063200116M1 0800000000
00000000063210116   0800080000
00000000063220116   0800080000
00000000063230116   0000000010
00000000063240116   0000000020
00000000063250116   0800080000
00000000063260116   0800080000
00000000063270116   0800080000
00000000063280116   0800080000
00000000063290116   0800080000
00000000063300116   0000000010
00000000063310116   0000000020
00000000038010116F1 0800000010
00000000038020116   0000000010
00000000038030116   0000000020
00000000038040116   0800080000
00000000038050116   0800080000
00000000038060116F1 0800000010
00000000038070116   0800080000
00000000038080116   0800080000
00000000038090116   0000000010
00000000038100116   0000000020
00000000038110116   0800080000
00000000038120116   0800080000
00000000038130116   0800080000
00000000038140116   0800080000
00000000038150116   0800080000
00000000038160116   0000000010
00000000038170116   0000000020
00000000038180116   0800080000
00000000038190116   0800080000
00000000038200116   0800080000
00000000038210116   0800080000
00000000038220116   0800080000
00000000038230116   0000000010
00000000038240116   0000000020
00000000038250116   0800080000
00000000038260116   0800080000
00000000038270116   0800080000
00000000038280116   0800080000
00000000038290116   0800080000
00000000038300116   0000000010
00000000038310116   0000000020
00000000042010116F1 0800000010
00000000042020116   0000000010
00000000042030116   0000000020
00000000042040116FP 0800000000
00000000042050116FP 0800000000
00000000042060116F1 0800000010
00000000042070116FP 0800000000
00000000042080116FP 0800000000
00000000042090116   0000000010
00000000042100116   0000000020
00000000042110116   0800080000
00000000042120116   0800080000
00000000042130116   0800080000
00000000042140116   0800080000
00000000042150116   0800080000
00000000042160116   0000000010
00000000042170116   0000000020
00000000042180116   0800080000
00000000042190116   0800080000
00000000042200116   0800080000
00000000042210116   0800080000
00000000042220116   0800080000
00000000042230116   0000000010
00000000042240116   0000000020
00000000042250116   0800080000
00000000042260116   0800080000
00000000042270116   0800080000
00000000042280116   0800080000
00000000042290116   0400040000
00000000042300116   0000000010
00000000042310116   0000000020
00000000047010116F1 0800000010
00000000047020116   0000000010
00000000047030116   0000000020
00000000047040116   0800080000
00000000047050116   0800080000
00000000047060116   0800080000
00000000047070116   0000000000
00000000047080116   0000000000
00000000047090116   0000000010
00000000047100116   0000000020
00000000047110116   0000000000
00000000047120116   0000000000
00000000047130116   0000000000
00000000047140116   0000000000
00000000047150116   0000000000
00000000047160116   0000000010
00000000047170116   0000000020
00000000047180116   0000000000
00000000047190116   0000000000
00000000047200116   0000000000
00000000047210116   0000000000
00000000047220116   0000000000
00000000047230116   0000000010
00000000047240116   0000000020
00000000047250116   0000000000
00000000047260116   0000000000
00000000047270116   0000000000
00000000047280116   0000000000
00000000047290116   0000000000
00000000047300116   0000000010
00000000047310116   0000000020
00000000031010116F1 0800000010
00000000031020116   0000000010
00000000031030116   0000000020
00000000031040116P1 0800000000
00000000031050116P1 0800000000
00000000031060116F1 0800000010
00000000031070116   0800080000
00000000031080116   0800080000
00000000031090116   0000000010
00000000031100116   0000000020
00000000031110116   0800080000
00000000031120116   0800080000
00000000031130116   0800080000
00000000031140116   0800080000
00000000031150116   0800080000
00000000031160116   0000000010
00000000031170116   0000000020
00000000031180116   0800080000
00000000031190116   0800080000
00000000031200116   0800080000
00000000031210116   0800080000
00000000031220116   0800080000
00000000031230116   0000000010
00000000031240116   0000000020
00000000031250116   0800080000
00000000031260116   0800080000
00000000031270116   0800080000
00000000031280116   0800080000
00000000031290116   0800080000
00000000031300116   0000000010
00000000031310116   0000000020
00000000039010116F1 0800000010
00000000039020116   0000000010
00000000039030116   0000000020
00000000039040116M1 0800000000
00000000039050116M1 0800000000
00000000039060116M1 0800000000
00000000039070116M1 0800000000
00000000039080116M1 0800000000
00000000039090116M1 0800000000
00000000039100116M1 0800000000
00000000039110116M1 0800000000
00000000039120116M1 0800000000
00000000039130116M1 0800000000
00000000039140116FP 0800000000
00000000039150116   0800080000
00000000039160116   0000000010
00000000039170116   0000000020
00000000039180116   0800080000
00000000039190116   0800080000
00000000039200116   0800080000
00000000039210116   0800080000
00000000039220116P2 0800000000
00000000039230116   0000000010
00000000039240116   0000000020
00000000039250116   0800080000
00000000039260116   0800080000
00000000039270116P1 0800000000
00000000039280116   0800080000
00000000039290116   0800080000
00000000039300116   0000000010
00000000039310116   0000000020
00000000032010116F1 0800000010
00000000032020116   0000000010
00000000032030116   0000000020
00000000032040116FP 0800000000
00000000032050116FP 0800000000
00000000032060116F1 0800000010
00000000032070116   0800080000
00000000032080116   0800080000
00000000032090116   0000000010
00000000032100116   0000000020
00000000032110116   0800080000
00000000032120116   0800080000
00000000032130116   0800080000
00000000032140116   0800080000
00000000032150116   0800080000
00000000032160116   0000000010
00000000032170116   0000000020
00000000032180116   0800080000
00000000032190116   0800080000
00000000032200116   0800080000
00000000032210116   0800080000
00000000032220116   0800080000
00000000032230116   0000000010
00000000032240116   0000000020
00000000032250116   0800080000
00000000032260116   0800080000
00000000032270116   0800080000
00000000032280116   0800080000
00000000032290116   0800080000
00000000032300116   0000000010
00000000032310116   0000000020
