00000000015010915   0000000000
00000000015020915   0000000000
00000000015030915   0000000000
00000000015040915   0000000000
00000000015050915   0000000010
00000000015060915   0000000020
00000000015070915   0000000000
00000000015080915   0000000000
00000000015090915   0000000000
00000000015100915   0000000000
00000000015110915   0000000000
00000000015120915   0000000010
00000000015130915   0000000020
00000000015140915   0000000000
00000000015150915   0000000000
00000000015160915   0000000000
00000000015170915   0000000000
00000000015180915   0000000000
00000000015190915   0000000010
00000000015200915   0000000020
00000000015210915   0000000000
00000000015220915   0000000000
00000000015230915   0000000000
00000000015240915   0000000000
00000000015250915   0000000000
00000000015260915   0000000010
00000000015270915   0000000020
00000000015280915   0000000000
00000000015290915   0000000000
00000000015300915   0000000000
00000000016010915   0000000000
00000000016020915   0000000000
00000000016030915   0000000000
00000000016040915   0000000000
00000000016050915   0000000010
00000000016060915   0000000020
00000000016070915   0000000000
00000000016080915   0000000000
00000000016090915   0000000000
00000000016100915   0000000000
00000000016110915   0000000000
00000000016120915   0000000010
00000000016130915   0000000020
00000000016140915   0000000000
00000000016150915   0000000000
00000000016160915   0000000000
00000000016170915   0000000000
00000000016180915   0000000000
00000000016190915   0000000010
00000000016200915   0000000020
00000000016210915   0000000000
00000000016220915   0000000000
00000000016230915   0000000000
00000000016240915   0000000000
00000000016250915   0000000000
00000000016260915   0000000010
00000000016270915   0000000020
00000000016280915   0000000000
00000000016290915   0000000000
00000000016300915   0000000000
00000000017010915   0000000000
00000000017020915   0000000000
00000000017030915   0000000000
00000000017040915   0000000000
00000000017050915   0000000010
00000000017060915   0000000020
00000000017070915   0000000000
00000000017080915   0000000000
00000000017090915   0000000000
00000000017100915   0000000000
00000000017110915   0000000000
00000000017120915   0000000010
00000000017130915   0000000020
00000000017140915   0000000000
00000000017150915   0000000000
00000000017160915   0000000000
00000000017170915   0000000000
00000000017180915   0000000000
00000000017190915   0000000010
00000000017200915   0000000020
00000000017210915   0000000000
00000000017220915   0000000000
00000000017230915   0000000000
00000000017240915   0000000000
00000000017250915   0000000000
00000000017260915   0000000010
00000000017270915   0000000020
00000000017280915   0000000000
00000000017290915   0000000000
00000000017300915AL 0800000000
00000000030010915   0000000000
00000000030020915   0000000000
00000000030030915   0000000000
00000000030040915   0000000000
00000000030050915   0000000010
00000000030060915   0000000020
00000000030070915   0000000000
00000000030080915   0000000000
00000000030090915   0000000000
00000000030100915   0000000000
00000000030110915   0000000000
00000000030120915   0000000010
00000000030130915   0000000020
00000000030140915   0000000000
00000000030150915   0000000000
00000000030160915   0000000000
00000000030170915   0000000000
00000000030180915   0000000000
00000000030190915   0000000010
00000000030200915   0000000020
00000000030210915   0000000000
00000000030220915   0000000000
00000000030230915   0000000000
00000000030240915   0000000000
00000000030250915   0000000000
00000000030260915   0000000010
00000000030270915   0000000020
00000000030280915   0000000000
00000000030290915   0000000000
00000000030300915   0000000000
