00000000015010116   0000000000
00000000015020116   0000000010
00000000015030116   0000000020
00000000015040116   0000000000
00000000015050116   0000000000
00000000015060116   0000000000
00000000015070116   0000000000
00000000015080116   0000000000
00000000015090116   0000000010
00000000015100116   0000000020
00000000015110116   0000000000
00000000015120116   0000000000
00000000015130116   0000000000
00000000015140116   0000000000
00000000015150116   0000000000
00000000015160116   0000000010
00000000015170116   0000000020
00000000015180116   0000000000
00000000015190116   0000000000
00000000015200116   0000000000
00000000015210116   0000000000
00000000015220116   0000000000
00000000015230116   0000000010
00000000015240116   0000000020
00000000015250116   0000000000
00000000015260116   0000000000
00000000015270116   0000000000
00000000015280116   0000000000
00000000015290116   0000000000
00000000015300116   0000000010
00000000015310116   0000000020
00000000016010116   0000000000
00000000016020116   0000000010
00000000016030116   0000000020
00000000016040116   0000000000
00000000016050116   0000000000
00000000016060116   0000000000
00000000016070116   0000000000
00000000016080116   0000000000
00000000016090116   0000000010
00000000016100116   0000000020
00000000016110116   0000000000
00000000016120116   0000000000
00000000016130116   0000000000
00000000016140116   0000000000
00000000016150116   0000000000
00000000016160116   0000000010
00000000016170116   0000000020
00000000016180116   0000000000
00000000016190116   0000000000
00000000016200116   0000000000
00000000016210116   0000000000
00000000016220116   0000000000
00000000016230116   0000000010
00000000016240116   0000000020
00000000016250116   0000000000
00000000016260116   0000000000
00000000016270116   0000000000
00000000016280116   0000000000
00000000016290116   0000000000
00000000016300116   0000000010
00000000016310116   0000000020
00000000017010116   0000000000
00000000017020116   0000000010
00000000017030116   0000000020
00000000017040116   0000000000
00000000017050116   0000000000
00000000017060116   0000000000
00000000017070116   0000000000
00000000017080116   0000000000
00000000017090116   0000000010
00000000017100116   0000000020
00000000017110116   0000000000
00000000017120116   0000000000
00000000017130116   0000000000
00000000017140116   0000000000
00000000017150116   0000000000
00000000017160116   0000000010
00000000017170116   0000000020
00000000017180116   0000000000
00000000017190116   0000000000
00000000017200116   0000000000
00000000017210116   0000000000
00000000017220116   0000000000
00000000017230116   0000000010
00000000017240116   0000000020
00000000017250116   0000000000
00000000017260116   0000000000
00000000017270116   0000000000
00000000017280116   0000000000
00000000017290116   0000000000
00000000017300116   0000000010
00000000017310116   0000000020
00000000030010116   0000000000
00000000030020116   0000000010
00000000030030116   0000000020
00000000030040116   0000000000
00000000030050116   0000000000
00000000030060116   0000000000
00000000030070116   0000000000
00000000030080116   0000000000
00000000030090116   0000000010
00000000030100116   0000000020
00000000030110116   0000000000
00000000030120116   0000000000
00000000030130116   0000000000
00000000030140116   0000000000
00000000030150116   0000000000
00000000030160116   0000000010
00000000030170116   0000000020
00000000030180116   0000000000
00000000030190116   0000000000
00000000030200116   0000000000
00000000030210116   0000000000
00000000030220116   0000000000
00000000030230116   0000000010
00000000030240116   0000000020
00000000030250116   0000000000
00000000030260116   0000000000
00000000030270116   0000000000
00000000030280116   0000000000
00000000030290116   0000000000
00000000030300116   0000000010
00000000030310116   0000000020
